MONITOR: DATABASE call-information.db; CREATED 2016/11/21 17:30:01
Subject__Z : 267.03235219319662
Subject__A : 105.96568953316167
Subject__B : 105.92746474895071
Subject__C : 107.05649853469734
Subject__D : 107.99957983343451